7982074911
9416991526
8053305230
9711042245
8398991162
8307881039
8799724151
8171916240
9991860132
9050271168
8053435008
6261946049
9993892100
7000354913
9149312323
9630257000
9050232050
7402272929
9179694113
8447893304
9582686828
9717805494
8053068420
8810444392
8053921735
9466467600
9708412521
8813822533
8683827398
9306737382
8920453636
9350755811
9416947419
8708543491
7440983432
7000061141
8319537733
1800407267
7000562267
7987765563
8839184907
7697875028
7296887993
9782551551
8821048229
8319964011
9340954621
8319322154
7000354913
7470988384
6260676476
9829279269
9174444344
9109120031
7665674137
9993018303
9926112554
9352073894
9340868792
8319176719
9425281927
7987535095
9589236009
9098896670
7389489156
9928671203
7879519094
7999152610
9460636127
9993738169
7000095449
8058033600
6268037723
6265954356
9340249472
7597027262
9982031363
7828690798
7646833093
9479118892
7566786221
7869521975
7999821610
8319589695
9753255491
9827150945
7587179361
9039549200
6264604110
9669023456
9691710333
8278670099
9575870277
8871847113
9602986088
9460619976
8319785287
9414083154
9024227143
6263367165
7587071614
9039258951
6261552489
8103118991
7877155836
9413048899
9933596586
9973774676
7568921488
9131773268
7828022117
9826607782
6264127967
9131978907
9691472205
7987353275
8305831065
9424141070
6378346429
8319132456
8769074888
8892090020
8005752882
9116865704
8104291387
8319356066
9131773268
7646833093
8114422412
7000259179
9301008888
9993892100
8839629158
8529278072
7697875028
9340761310
8839704752
7568723305
9772321058
9752198554
8305029066
8269922485
9784038126
9644871427
7987683547
8770896631
9977813365
6260551634
8109930125
9827957501
7000522653
9148754809
8820154095
6261415772
9893774474
9131299260
8109137239
9664457501
7223977054
9893244316
9424164236
7999245929
9900978142
9131477642
9406307100
9424167095
8777594076
9300127208
7004646026
9981891856
8770828705
9993856952
9461510088
7999833138
6260551634
9074937981
9340956302
6261122551
7976169860
9460541736
7073591213
9460109478
9799042287
9711735498
9138528875
7999119420
8395956108
8950705148
9671123781
7495001944
7987765563
9518872508
9149346232
7206211371
8708046736
8800549693
7015158117
9650835459
8010920174
7082468464
8376847117
9993892100
8572832451
9306112352
9034059620
8859516131
8920847958
7419002328
9718738244
9871981886
8368141636
8708386203
8882284688
8839774643
9953699439
9050307169
9813134900
7015652132
9560421272
9466869317
9671030314
8476881750
9466177188
9810474639
9911223410
9996545564
8901323002
7587192255
9716563580
9958221422
7015585773
8505846956
9992359516
9034833993
9810239420
8920847958
9991997039
7988129318
9540638862
8178322146
8397051953
7988470550
8295715825
8527261704
8813030635
9671623261
9992808129
8295049835
8168971221
9671281221
7027545292
7619630838
9992814182
9588167633
9752306947
7027673967
9899268268
8683840203
8178322146
9599156796
0989609036
9896090369
7056956522
9720040852
9306116168
8168918121
7838650968
8447884106
7531841960
8708837084
7027494922
8569984650
8950017080
8295325874
7982482676
8700544128
8059998781
9034649794
7056211617
9528158917
9671124927
9981891856
8295201571
9729378017
9891943793
9588593177
8368988679
9306325800
9034907291
8743897990
9811639909
7027670757
7419243100
8103392921
9873426227
7082394055
7876760032
9050909980
9760775474
8814066903
9992344283
9813347474
9997811636
9193517080
9899171425
9057207771
8700415423
8307911369
9996064118
9992452129
9720314319
8396041511
9200425000
9667074271
7988619539
8076392340
9416637747
7056623216
9425281927
9810360757
8287333385
8683828996
7015221079